200 s
1.0 0.0
0.9979866764718844 0.0634239196565645
0.9919548128307953 0.12659245357374926
0.9819286972627067 0.18925124436041021
0.9679487013963562 0.2511479871810792
0.9500711177409454 0.3120334456984871
0.9283679330160726 0.3716624556603276
0.9029265382866212 0.42979491208917164
0.8738493770697849 0.4861967361004687
0.8412535328311812 0.5406408174555976
0.8052702575310586 0.5929079290546404
0.766044443118978 0.6427876096865393
0.7237340381050702 0.690079011482112
0.6785094115571322 0.7345917086575333
0.6305526670845225 0.7761464642917568
0.5800569095711982 0.8145759520503357
0.5272254676105024 0.8497254299495144
0.4722710747726827 0.8814533634475821
0.41541501300188644 0.9096319953545183
0.3568862215918719 0.9341478602651067
0.2969203753282749 0.9549022414440739
0.23575893550942728 0.9718115683235417
0.17364817766693041 0.984807753012208
0.1108381999010111 0.9938384644612541
0.04758191582374218 0.998867339183008
-0.01586596383480803 0.9998741276738751
-0.07924995685678854 0.9968547759519424
-0.14231483827328523 0.9898214418809327
-0.20480666806519074 0.9788024462147787
-0.26647381369003503 0.963842158559942
-0.32706796331742166 0.9450008187146685
-0.3863451256931287 0.9223542941045814
-0.4440666126057741 0.8959937742913359
-0.5000000000000002 0.8660254037844386
-0.5539200638661103 0.8325698546347714
-0.6056096871376668 0.795761840530832
-0.654860733945285 0.7557495743542583
-0.7014748877063214 0.7126941713788627
-0.7452644496757547 0.6667690005162916
-0.7860530947427875 0.6181589862206052
-0.8236765814298327 0.5670598638627709
-0.8579834132349771 0.5136773915734063
-0.8888354486549234 0.4582265217274105
-0.9161084574320696 0.4009305354066136
-0.9396926207859083 0.3420201433256689
-0.9594929736144974 0.28173255684142967
-0.975429786885407 0.2203105327865408
-0.9874388886763943 0.1580013959733499
-0.9954719225730846 0.09505604330418244
-0.9994965423831851 0.031727933498067656
-0.9994965423831851 -0.03172793349806786
-0.9954719225730846 -0.09505604330418263
-0.9874388886763943 -0.15800139597335008
-0.975429786885407 -0.22031053278654056
-0.9594929736144974 -0.28173255684142984
-0.9396926207859084 -0.34202014332566866
-0.9161084574320696 -0.4009305354066138
-0.8888354486549235 -0.4582265217274103
-0.857983413234977 -0.5136773915734064
-0.8236765814298328 -0.5670598638627706
-0.7860530947427874 -0.6181589862206053
-0.7452644496757548 -0.6667690005162915
-0.7014748877063213 -0.7126941713788629
-0.6548607339452852 -0.7557495743542582
-0.6056096871376666 -0.7957618405308321
-0.5539200638661105 -0.8325698546347713
-0.4999999999999996 -0.8660254037844388
-0.44406661260577396 -0.895993774291336
-0.3863451256931287 -0.9223542941045814
-0.3270679633174219 -0.9450008187146683
-0.26647381369003464 -0.9638421585599422
-0.20480666806519054 -0.9788024462147787
-0.14231483827328523 -0.9898214418809327
-0.07924995685678879 -0.9968547759519423
-0.01586596383480761 -0.9998741276738751
0.04758191582374238 -0.998867339183008
0.11083819990101086 -0.9938384644612541
0.17364817766692997 -0.9848077530122081
0.23575893550942748 -0.9718115683235417
0.2969203753282749 -0.9549022414440739
0.35688622159187167 -0.9341478602651068
0.4154150130018868 -0.9096319953545182
0.4722710747726829 -0.881453363447582
0.5272254676105024 -0.8497254299495144
0.5800569095711979 -0.8145759520503358
0.6305526670845228 -0.7761464642917566
0.6785094115571323 -0.7345917086575331
0.7237340381050701 -0.690079011482112
0.7660444431189778 -0.6427876096865396
0.8052702575310587 -0.5929079290546402
0.8412535328311812 -0.5406408174555974
0.8738493770697848 -0.4861967361004688
0.9029265382866211 -0.4297949120891719
0.9283679330160727 -0.37166245566032724
0.9500711177409454 -0.31203344569848707
0.9679487013963562 -0.2511479871810794
0.9819286972627068 -0.18925124436040974
0.9919548128307953 -0.12659245357374904
0.9979866764718844 -0.06342391965656452
1.0 -2.4492935982947064e-16
100.0 0.0
99.79866764718844 6.342391965656451
99.19548128307953 12.659245357374926
98.19286972627067 18.92512443604102
96.79487013963562 25.114798718107924
95.00711177409454 31.203344569848714
92.83679330160726 37.16624556603276
90.29265382866211 42.97949120891717
87.38493770697849 48.619673610046874
84.12535328311812 54.064081745559754
80.52702575310586 59.29079290546404
76.60444431189781 64.27876096865393
72.37340381050701 69.0079011482112
67.85094115571322 73.45917086575334
63.05526670845225 77.61464642917568
58.00569095711982 81.45759520503357
52.72254676105024 84.97254299495144
47.22710747726827 88.1453363447582
41.54150130018864 90.96319953545184
35.68862215918719 93.41478602651067
29.69203753282749 95.49022414440739
23.575893550942727 97.18115683235416
17.36481776669304 98.4807753012208
11.08381999010111 99.38384644612542
4.758191582374218 99.88673391830079
-1.5865963834808028 99.98741276738751
-7.924995685678854 99.68547759519424
-14.231483827328523 98.98214418809327
-20.480666806519075 97.88024462147787
-26.647381369003504 96.3842158559942
-32.70679633174217 94.50008187146685
-38.63451256931287 92.23542941045814
-44.406661260577415 89.59937742913358
-50.00000000000002 86.60254037844386
-55.39200638661102 83.25698546347714
-60.560968713766684 79.5761840530832
-65.4860733945285 75.57495743542583
-70.14748877063214 71.26941713788626
-74.52644496757547 66.67690005162916
-78.60530947427876 61.815898622060516
-82.36765814298327 56.70598638627708
-85.79834132349771 51.36773915734063
-88.88354486549234 45.82265217274105
-91.61084574320697 40.09305354066136
-93.96926207859083 34.20201433256689
-95.94929736144974 28.173255684142966
-97.5429786885407 22.03105327865408
-98.74388886763943 15.800139597334988
-99.54719225730845 9.505604330418244
-99.9496542383185 3.1727933498067658
-99.9496542383185 -3.1727933498067857
-99.54719225730845 -9.505604330418263
-98.74388886763943 -15.800139597335008
-97.5429786885407 -22.031053278654056
-95.94929736144974 -28.173255684142983
-93.96926207859084 -34.20201433256687
-91.61084574320697 -40.09305354066138
-88.88354486549235 -45.82265217274103
-85.7983413234977 -51.367739157340644
-82.36765814298327 -56.70598638627706
-78.60530947427874 -61.81589862206053
-74.52644496757547 -66.67690005162915
-70.14748877063212 -71.2694171378863
-65.48607339452852 -75.57495743542582
-60.56096871376666 -79.57618405308321
-55.39200638661105 -83.25698546347712
-49.999999999999964 -86.60254037844388
-44.406661260577394 -89.5993774291336
-38.63451256931287 -92.23542941045814
-32.70679633174219 -94.50008187146683
-26.647381369003465 -96.38421585599421
-20.480666806519054 -97.88024462147787
-14.231483827328523 -98.98214418809327
-7.924995685678879 -99.68547759519423
-1.5865963834807608 -99.98741276738751
4.758191582374238 -99.88673391830079
11.083819990101086 -99.38384644612542
17.364817766692997 -98.48077530122082
23.575893550942748 -97.18115683235416
29.69203753282749 -95.49022414440739
35.68862215918717 -93.41478602651068
41.541501300188685 -90.96319953545182
47.22710747726829 -88.14533634475819
52.72254676105024 -84.97254299495144
58.005690957119796 -81.45759520503358
63.05526670845229 -77.61464642917566
67.85094115571323 -73.45917086575331
72.37340381050701 -69.0079011482112
76.60444431189778 -64.27876096865396
80.52702575310587 -59.290792905464016
84.12535328311812 -54.06408174555975
87.38493770697848 -48.61967361004688
90.29265382866211 -42.97949120891719
92.83679330160727 -37.16624556603272
95.00711177409454 -31.203344569848706
96.79487013963562 -25.114798718107938
98.19286972627069 -18.925124436040974
99.19548128307953 -12.659245357374903
99.79866764718844 -6.342391965656452
100.0 -2.4492935982947064e-14