89 s 1
-4.6 6.25
-3.8 6.55
-4.5 5.25
-4.7 5.85
-5.1 6.4
-4.15 6.5
-3.6 5.8
-3.6 5.8
-4.45 5.8
-5.05 5.8
-4.95 5.45
-3.65 5.45
-3.75 5.35
-4.3 5.3
-4.3 5.75
-3.9 5.4
-3.75 6.0
-4.05 6.05
-4.25 5.6
-4.45 5.4
-4.55 5.9
7.5 -7.7
7.15 -7.35
7.4 -7.4
7.55 -7.55
7.35 -7.8
7.2 -7.9
7.45 -7.85
7.6 -7.85
7.25 -7.95
7.2 -7.95
7.35 -7.4
7.55 -7.35
7.65 -7.7
7.5 -7.9
6.9 -7.8
6.9 -7.6
7.3 -7.6
7.35 -7.75
7.35 -7.6
7.4 -7.3
7.4 -7.25
7.0 -8.3
7.15 -7.75
7.75 -7.9
7.65 7.0
7.55 7.05
6.9 6.35
7.05 6.4
7.5 6.5
7.55 6.7
7.2 7.1
6.55 6.65
7.25 6.6
7.35 6.45
7.75 6.2
7.95 6.9
7.25 7.0
7.05 6.7
7.5 6.2
8.0 6.6
7.75 6.95
7.25 6.95
7.35 6.45
7.75 6.15
7.8 6.65
7.35 6.9
-9.1 -8.4
-9.1 -8.4
-9.1 -8.4
-9.15 -8.55
-8.9 -8.6
-8.9 -8.6
-8.85 -8.05
-9.4 -7.6
-9.3 -8.6
-9.25 -8.65
-8.9 -8.35
-9.05 -7.6
-9.4 -8.4
-8.6 -8.9
-8.5 -8.5
-8.7 -7.9
-9.35 -7.95
-9.35 -8.85
-8.7 -9.0
-8.6 -8.2
-9.2 -7.6
-9.6 -8.3