200 e 1
1.0 0.0
0.9979866764718844 0.0634239196565645
0.9919548128307953 0.12659245357374926
0.9819286972627067 0.18925124436041021
0.9679487013963562 0.2511479871810792
0.9500711177409454 0.3120334456984871
0.9283679330160726 0.3716624556603276
0.9029265382866212 0.42979491208917164
0.8738493770697849 0.4861967361004687
0.8412535328311812 0.5406408174555976
0.8052702575310586 0.5929079290546404
0.766044443118978 0.6427876096865393
0.7237340381050702 0.690079011482112
0.6785094115571322 0.7345917086575333
0.6305526670845225 0.7761464642917568
0.5800569095711982 0.8145759520503357
0.5272254676105024 0.8497254299495144
0.4722710747726827 0.8814533634475821
0.41541501300188644 0.9096319953545183
0.3568862215918719 0.9341478602651067
0.2969203753282749 0.9549022414440739
0.23575893550942728 0.9718115683235417
0.17364817766693041 0.984807753012208
0.1108381999010111 0.9938384644612541
0.04758191582374218 0.998867339183008
-0.01586596383480803 0.9998741276738751
-0.07924995685678854 0.9968547759519424
-0.14231483827328523 0.9898214418809327
-0.20480666806519074 0.9788024462147787
-0.26647381369003503 0.963842158559942
-0.32706796331742166 0.9450008187146685
-0.3863451256931287 0.9223542941045814
-0.4440666126057741 0.8959937742913359
-0.5000000000000002 0.8660254037844386
-0.5539200638661103 0.8325698546347714
-0.6056096871376668 0.795761840530832
-0.654860733945285 0.7557495743542583
-0.7014748877063214 0.7126941713788627
-0.7452644496757547 0.6667690005162916
-0.7860530947427875 0.6181589862206052
-0.8236765814298327 0.5670598638627709
-0.8579834132349771 0.5136773915734063
-0.8888354486549234 0.4582265217274105
-0.9161084574320696 0.4009305354066136
-0.9396926207859083 0.3420201433256689
-0.9594929736144974 0.28173255684142967
-0.975429786885407 0.2203105327865408
-0.9874388886763943 0.1580013959733499
-0.9954719225730846 0.09505604330418244
-0.9994965423831851 0.031727933498067656
-0.9994965423831851 -0.03172793349806786
-0.9954719225730846 -0.09505604330418263
-0.9874388886763943 -0.15800139597335008
-0.975429786885407 -0.22031053278654056
-0.9594929736144974 -0.28173255684142984
-0.9396926207859084 -0.34202014332566866
-0.9161084574320696 -0.4009305354066138
-0.8888354486549235 -0.4582265217274103
-0.857983413234977 -0.5136773915734064
-0.8236765814298328 -0.5670598638627706
-0.7860530947427874 -0.6181589862206053
-0.7452644496757548 -0.6667690005162915
-0.7014748877063213 -0.7126941713788629
-0.6548607339452852 -0.7557495743542582
-0.6056096871376666 -0.7957618405308321
-0.5539200638661105 -0.8325698546347713
-0.4999999999999996 -0.8660254037844388
-0.44406661260577396 -0.895993774291336
-0.3863451256931287 -0.9223542941045814
-0.3270679633174219 -0.9450008187146683
-0.26647381369003464 -0.9638421585599422
-0.20480666806519054 -0.9788024462147787
-0.14231483827328523 -0.9898214418809327
-0.07924995685678879 -0.9968547759519423
-0.01586596383480761 -0.9998741276738751
0.04758191582374238 -0.998867339183008
0.11083819990101086 -0.9938384644612541
0.17364817766692997 -0.9848077530122081
0.23575893550942748 -0.9718115683235417
0.2969203753282749 -0.9549022414440739
0.35688622159187167 -0.9341478602651068
0.4154150130018868 -0.9096319953545182
0.4722710747726829 -0.881453363447582
0.5272254676105024 -0.8497254299495144
0.5800569095711979 -0.8145759520503358
0.6305526670845228 -0.7761464642917566
0.6785094115571323 -0.7345917086575331
0.7237340381050701 -0.690079011482112
0.7660444431189778 -0.6427876096865396
0.8052702575310587 -0.5929079290546402
0.8412535328311812 -0.5406408174555974
0.8738493770697848 -0.4861967361004688
0.9029265382866211 -0.4297949120891719
0.9283679330160727 -0.37166245566032724
0.9500711177409454 -0.31203344569848707
0.9679487013963562 -0.2511479871810794
0.9819286972627068 -0.18925124436040974
0.9919548128307953 -0.12659245357374904
0.9979866764718844 -0.06342391965656452
1.0 -2.4492935982947064e-16
5.0 0.0
4.989933382359422 0.31711959828282255
4.959774064153977 0.6329622678687463
4.909643486313533 0.946256221802051
4.839743506981781 1.255739935905396
4.7503555887047275 1.5601672284924355
4.641839665080363 1.858312278301638
4.514632691433106 2.148974560445858
4.369246885348924 2.4309836805023437
4.206267664155906 2.703204087277988
4.026351287655293 2.9645396452732022
3.83022221559489 3.2139380484326963
3.618670190525351 3.45039505741056
3.392547057785661 3.672958543287667
3.1527633354226126 3.880732321458784
2.900284547855991 4.072879760251679
2.636127338052512 4.248627149747572
2.3613553738634137 4.40726681723791
2.0770750650094323 4.548159976772592
1.7844311079593593 4.670739301325534
1.4846018766413747 4.774511207220369
1.1787946775471365 4.859057841617708
0.8682408883346521 4.92403876506104
0.5541909995050555 4.96919232230627
0.2379095791187109 4.99433669591504
-0.07932981917404014 4.999370638369375
-0.3962497842839427 4.984273879759712
-0.7115741913664262 4.949107209404663
-1.0240333403259536 4.894012231073893
-1.3323690684501752 4.81921079279971
-1.6353398165871083 4.725004093573342
-1.9317256284656434 4.611771470522907
-2.2203330630288707 4.47996887145668
-2.500000000000001 4.330127018922193
-2.7696003193305514 4.162849273173857
-3.0280484356883344 3.97880920265416
-3.274303669726425 3.7787478717712912
-3.507374438531607 3.5634708568943134
-3.7263222483787732 3.333845002581458
-3.9302654737139378 3.0907949311030256
-4.118382907149163 2.8352993193138545
-4.289917066174885 2.5683869578670313
-4.444177243274617 2.2911326086370525
-4.580542287160348 2.004652677033068
-4.698463103929542 1.7101007166283444
-4.7974648680724865 1.4086627842071484
-4.877148934427035 1.101552663932704
-4.937194443381971 0.7900069798667495
-4.977359612865423 0.4752802165209122
-4.997482711915925 0.15863966749033828
-4.997482711915925 -0.15863966749033928
-4.977359612865423 -0.4752802165209131
-4.937194443381971 -0.7900069798667504
-4.877148934427035 -1.101552663932703
-4.7974648680724865 -1.408662784207149
-4.698463103929543 -1.7101007166283433
-4.580542287160348 -2.004652677033069
-4.444177243274617 -2.2911326086370516
-4.289917066174885 -2.568386957867032
-4.118382907149164 -2.835299319313853
-3.930265473713937 -3.0907949311030265
-3.726322248378774 -3.3338450025814574
-3.507374438531606 -3.5634708568943148
-3.274303669726426 -3.778747871771291
-3.028048435688333 -3.9788092026541606
-2.7696003193305523 -4.1628492731738564
-2.4999999999999982 -4.3301270189221945
-2.22033306302887 -4.47996887145668
-1.9317256284656434 -4.611771470522907
-1.6353398165871094 -4.725004093573341
-1.3323690684501732 -4.81921079279971
-1.0240333403259527 -4.894012231073893
-0.7115741913664262 -4.949107209404663
-0.396249784283944 -4.984273879759711
-0.07932981917403804 -4.999370638369375
0.2379095791187119 -4.99433669591504
0.5541909995050543 -4.96919232230627
0.8682408883346499 -4.924038765061041
1.1787946775471374 -4.859057841617708
1.4846018766413747 -4.774511207220369
1.7844311079593584 -4.670739301325534
2.077075065009434 -4.548159976772591
2.3613553738634145 -4.40726681723791
2.636127338052512 -4.248627149747572
2.9002845478559895 -4.072879760251679
3.1527633354226143 -3.880732321458783
3.3925470577856616 -3.6729585432876655
3.6186701905253504 -3.45039505741056
3.830222215594889 -3.213938048432698
4.026351287655293 -2.964539645273201
4.206267664155906 -2.703204087277987
4.369246885348924 -2.430983680502344
4.514632691433105 -2.1489745604458594
4.641839665080363 -1.8583122783016361
4.7503555887047275 -1.5601672284924353
4.839743506981781 -1.255739935905397
4.909643486313534 -0.9462562218020487
4.959774064153977 -0.6329622678687452
4.989933382359422 -0.3171195982828226
5.0 -1.2246467991473533e-15